   60676.0         0.0000000000             0.000000          6993.000000             0.000000           -5.3412040            0.0000000            5.3412040
   60676.0       600.0000000698         -2985.293553          5576.549676          2985.293553           -4.2595483           -4.5548139            4.2595483
   60676.0      1200.0000001397         -4762.109087          1902.080597          4762.109087           -1.4556244           -7.2619765            1.4556244
   60676.0      1800.0000002095         -4613.798353         -2541.893870          4613.798353            1.9315642           -7.0313451           -1.9315642
   60676.0      2400.0000002794         -2603.388771         -5960.546863          2603.388771            4.5343305           -3.9655813           -4.5343305
   60676.0      2999.9999997206           456.400232         -6977.179140          -456.400232            5.3078461            0.6951054           -5.3078461
   60676.0      3599.9999997905          3332.291815         -5183.064172         -3332.291815            3.9426230            5.0764376           -3.9426230
   60676.0      4199.9999998603          4864.608869         -1299.715658         -4864.608869            0.9852114            7.4148911           -0.9852114
   60676.1      4799.9999999302          4432.696936          3107.860584         -4432.696936           -2.3754097            6.7608045            2.3754097
   60676.1      5400.0000000000          2208.025105          6257.921430         -2208.025105           -4.7798152            3.3692242            4.7798152
   60676.1      6000.0000000698          -910.704257          6873.496628           910.704257           -5.2499297           -1.3897654            5.2499297
   60676.1      6600.0000001397         -3660.593652          4704.696237          3660.593652           -3.5939855           -5.5844575            3.5939855
   60676.1      7200.0000002095         -4929.115563           631.428500          4929.115563           -0.4866968           -7.5152884            0.4866968
   60676.1      7800.0000002794         -4205.936094         -3697.551147          4205.936094            2.8116997           -6.4087127           -2.8116997
   60676.1      8399.9999997206         -1785.995674         -6535.432624          1785.995674            4.9717661           -2.7202737           -4.9717661
   60676.1      8999.9999997905          1353.694175         -6740.128582         -1353.694175            5.1275037            2.0617693           -5.1275037
   60676.1      9599.9999998603          3947.891856         -4229.353444         -3947.891856            3.2166167            6.0150661           -3.2166167
   60676.1     10199.9999999302          4949.743004           -13.276450         -4949.743004            0.0047843            7.5460435           -0.0047843
   60676.1     10800.0000000000          3952.036012          4207.592682         -3952.036012           -3.2145766            6.0286420            3.2145766
   60676.1     11400.0000000698          1355.315589          6725.476189         -1355.315589           -5.1368790            2.0682135            5.1368790
   60676.1     12000.0000001397         -1790.284575          6519.082735          1790.284575           -4.9792539           -2.7318962            4.9792539
   60676.1     12600.0000002095         -4210.905461          3672.200312          4210.905461           -2.8060046           -6.4230434            2.8060046
   60676.2     13200.0000002794         -4928.111311          -660.750137          4928.111311            0.4982850           -7.5123704           -0.4982850
   60676.2     13799.9999997206         -3654.975606         -4727.410990          3654.975606            3.5957845           -5.5683787           -3.5957845
   60676.2     14399.9999997905          -907.910760         -6888.234951           907.910760            5.2401809           -1.3827813           -5.2401809
   60676.2     14999.9999998603          2204.990784         -6274.058446         -2204.990784            4.7728931            3.3585760           -4.7728931
   60676.2     15599.9999999302          4429.203335         -3131.784217         -4429.203335            2.3808543            6.7494570           -2.3808543
   60676.2     16200.0000000000          4866.209400          1273.611103         -4866.209400           -0.9763451            7.4200579            0.9763451
   60676.2     16800.0000000698          3336.464148          5163.685807         -3336.464148           -3.9443521            5.0903123            3.9443521
   60676.2     17400.0000001397           456.290145          6963.193555          -456.290145           -5.3184381            0.6963231            5.3184381
   60676.2     18000.0000002095         -2608.689892          5941.904142          2608.689892           -4.5385050           -3.9804185            4.5385050
   60676.2     18600.0000002794         -4617.501905          2514.370592          4617.501905           -1.9226479           -7.0420740            1.9226479
   60676.2     19199.9999997206         -4759.222505         -1930.423251          4759.222505            1.4657576           -7.2536022           -1.4657576
   60676.2     19799.9999997905         -2979.716396         -5596.504687          2979.716396            4.2572906           -4.5390538           -4.2572906
   60676.2     20399.9999998603             1.022226         -7006.999851            -1.022226            5.3305321            0.0015569           -5.3305321
   60676.2     20999.9999999302          2981.348967         -5594.763318         -2981.348967            4.2559653            4.5415418           -4.2559653
   60676.2     21600.0000000000          4759.784269         -1927.641067         -4759.784269            1.4636380            7.2544613           -1.4636380
   60676.3     22200.0000000698          4616.764105          2517.071268         -4616.764105           -1.9247080            7.0409515            1.9247080
   60676.3     22800.0000001397          2606.948987          5943.430267         -2606.948987           -4.5396703            3.9777631            4.5396703
   60676.3     23400.0000002095          -458.329919          6962.925893           458.329919           -5.3182337           -0.6994359            5.3182337
   60676.3     24000.0000002794         -3337.976664          5161.733045          3337.976664           -3.9428614           -5.0926184            3.9428614
   60676.3     24599.9999997206         -4866.583447          1270.765133          4866.583447           -0.9741749           -7.4206252            0.9741749
   60676.3     25199.9999997905         -4428.289813         -3134.372611          4428.289813            2.3828256           -6.7480625           -2.3828256
   60676.3     25799.9999998603         -2203.160018         -6275.346047          2203.160018            4.7738729           -3.3557868           -4.7738729
   60676.3     26399.9999999302           909.920482         -6887.704018          -909.920482            5.2397770            1.3858423           -5.2397770
   60676.3     27000.0000000000          3656.354408         -4725.274912         -3656.354408            3.5941585            5.5704810           -3.5941585
   60676.3     27600.0000000698          4928.302000          -657.868815         -4928.302000            0.4960891            7.5126642           -0.4960891
   60676.3     28200.0000001397          4209.828896          3674.663468         -4209.828896           -2.8078841            6.4214036            2.8078841
   60676.3     28800.0000002095          1788.374698          6520.129958         -1788.374698           -4.9800536            2.7289822            4.9800536
   60676.3     29400.0000002794         -1357.285652          6724.682378          1357.285652           -5.1362727           -2.0712196            5.1362727
   60676.3     29999.9999997206         -3953.268581          4205.280119          3953.268581           -3.2128117           -6.0305203            3.2128117
   60676.4     30599.9999997905         -4949.740746           -16.170630          4949.740746            0.0069905           -7.5460369           -0.0069905
   60676.4     31199.9999998603         -3946.657831         -4231.660079          3946.657831            3.2183729           -6.0131840           -3.2183729
   60676.4     31799.9999999302         -1351.727476         -6740.918770          1351.727476            5.1281049           -2.0587736           -5.1281049
   60676.4     32400.0000000000          1787.902374         -6534.388744         -1787.902374            4.9709719            2.7231782           -4.9709719
   60676.4     33000.0000000698          4207.014123         -3695.092858         -4207.014123            2.8098278            6.4103576           -2.8098278
   60676.4     33600.0000001397          4928.928475           634.310831         -4928.928475           -0.4888943            7.5150063            0.4888943
   60676.4     34200.0000002095          3659.214915          4706.837676         -3659.214915           -3.5956200            5.5823558            3.5956200
   60676.4     34800.0000002794           908.690641          6874.029064          -908.690641           -5.2503364            1.3866927            5.2503364
   60676.4     35399.9999997206         -2209.858148          6256.628674          2209.858148           -4.7788280           -3.3720206            4.7788280
   60676.4     35999.9999997905         -4433.607612          3105.267305          4433.607612           -2.3734311           -6.7621910            2.3734311
   60676.4     36599.9999998603         -4864.230589         -1302.559426          4864.230589            0.9873783           -7.4143115           -0.9873783
   60676.4     37199.9999999302         -3330.779392         -5185.010727          3330.779392            3.9441046           -5.0741322           -3.9441046
   60676.4     37800.0000000000          -454.364442         -6977.445143           454.364442            5.3080485           -0.6920048           -5.3080485
   60676.4     38400.0000000698          2605.127629         -5959.025411         -2605.127629            4.5331728            3.9682308           -4.5331728
   60676.5     39000.0000001397          4614.538784         -2539.196878         -4614.538784            1.9295099            7.0324762           -1.9295099
   60676.5     39600.0000002095          4761.550395          1904.865665         -4761.550395           -1.4577486            7.2611275            1.4577486
   60676.5     40200.0000002794          2983.659606          5578.296134         -2983.659606           -4.2608817            4.5523221            4.2608817
   60676.5     40799.9999997206            -2.048545          6992.999400             2.048545           -5.3412035           -0.0031262            5.3412035
   60676.5     41399.9999997905         -2986.926988          5574.802262          2986.926988           -4.2582142           -4.5573050            4.2582142
   60676.5     41999.9999998603         -4762.666965          1899.295203          4762.666965           -1.4535001           -7.2628244            1.4535001
   60676.5     42599.9999999302         -4613.057135         -2544.590429          4613.057135            1.9336182           -7.0302127           -1.9336182
   60676.5     43200.0000000000         -2601.649470         -5962.067299          2601.649470            4.5354875           -3.9629311           -4.5354875
   60676.5     43800.0000000698           458.435944         -6976.911947          -458.435944            5.3076429            0.6982059           -5.3076429
   60676.5     44400.0000001397          3333.803670         -5181.116732         -3333.803670            3.9411407            5.0787422           -3.9411407
   60676.5     45000.0000002095          4864.986318         -1296.871668         -4864.986318            0.9830443            7.4154694           -0.9830443
   60676.5     45600.0000002794          4431.785501          3110.453331         -4431.785501           -2.3773878            6.7594169            2.3773878
   60676.5     46199.9999997206          2206.191684          6259.213113         -2206.191684           -4.7808016            3.3664272            4.7808016
   60676.5     46799.9999997905          -912.717717          6872.963014           912.717717           -5.2495222           -1.3928379            5.2495222
   60676.5     47399.9999998603         -3661.971762          4702.553993          3661.971762           -3.5923503           -5.5865581            3.5923503
   60676.6     47999.9999999302         -4929.301807           628.546061          4929.301807           -0.4844992           -7.5155693            0.4844992
   60676.6     48600.0000000000         -4204.857346         -3700.008805          4204.857346            2.8135711           -6.4070667           -2.8135711
   60676.6     49200.0000000698         -1784.088670         -6536.475390          1784.088670            4.9725595           -2.7173687           -4.9725595
   60676.6     49800.0000001397          1355.660642         -6739.337244         -1355.660642            5.1269017            2.0647646           -5.1269017
   60676.6     50400.0000002095          3949.125208         -4227.046088         -3949.125208            3.2148600            6.0169473           -3.2148600
   60676.6     51000.0000002794          4949.744416           -10.382268         -4949.744416            0.0025782            7.5460488           -0.0025782
   60676.6     51599.9999997206          3950.802768          4209.904524         -3950.802768           -3.2163410            6.0267628            3.2163410
   60676.6     52199.9999997905          1353.345294          6726.268847         -1353.345294           -5.1374844            2.0652071            5.1374844
   60676.6     52799.9999998603         -1792.194146          6518.034395          1792.194146           -4.9784533           -2.7348097            4.9784533
   60676.6     53399.9999999302         -4211.981304          3669.736528          4211.981304           -2.8041245           -6.4246822            2.8041245
   60676.6     54000.0000000000         -4927.919779          -663.631347          4927.919779            0.5004809           -7.5120753           -0.5004809
   60676.6     54600.0000000698         -3653.596181         -4729.546262          3653.596181            3.5974100           -5.5662754           -3.5974100
   60676.6     55200.0000001397          -905.900884         -6888.764711           905.900884            5.2405840           -1.3797201           -5.2405840
   60676.6     55800.0000002095          2206.821173         -6272.769776         -2206.821173            4.7719126            3.3613646           -4.7719126
   60676.7     56400.0000002794          4430.116100         -3129.195289         -4430.116100            2.3788826            6.7508504           -2.3788826
   60676.7     56999.9999997206          4865.834520          1276.456855         -4865.834520           -0.9785151            7.4194893            0.9785151
   60676.7     57599.9999997905          3334.951061          5165.637683         -3334.951061           -3.9458422            5.0880052            3.9458422
   60676.7     58199.9999998603           454.250292          6963.460023          -454.250292           -5.3186417            0.6932102            5.3186417
   60676.7     58799.9999999302         -2610.430349          5940.376998          2610.430349           -4.5373390           -3.9830733            4.5373390
   60676.7     59400.0000000000         -4618.238915          2511.669487          4618.238915           -1.9205874           -7.0431953            1.9205874
   60676.7     60000.0000000698         -4758.659927         -1933.205105          4758.659927            1.4678770           -7.2527419           -1.4678770
   60676.7     60600.0000001397         -2978.083317         -5598.245101          2978.083317            4.2586151           -4.5365649           -4.2586151
   60676.7     61200.0000002095             3.066678         -7006.998656            -3.066678            5.3305312            0.0046706           -5.3305312
   60676.7     61800.0000002794          2982.981029         -5593.020996         -2982.981029            4.2546393            4.5440291           -4.2546393
   60676.7     62399.9999997206          4760.345221         -1924.858554         -4760.345221            1.4615182            7.2553191           -1.4615182
   60676.7     62999.9999997905          4616.025515          2519.771512         -4616.025515           -1.9267678            7.0398278            1.9267678
   60676.7     63599.9999998603          2605.207636          5944.955374         -2605.207636           -4.5408349            3.9751069            4.5408349
   60676.7     64199.9999999302          -460.369615          6962.657037           460.369615           -5.3180283           -0.7025485            5.3180283
   60676.8     64800.0000000000         -3339.488608          5159.779400          3339.488608           -3.9413700           -5.0949237            3.9413700
   60676.8     65400.0000000698         -4866.956662          1267.918946          4866.956662           -0.9720045           -7.4211913            0.9720045
   60676.8     66000.0000001397         -4427.375535         -3136.960470          4427.375535            2.3847965           -6.7466667           -2.3847965
   60676.8     66600.0000002095         -2201.328878         -6276.632577          2201.328878            4.7748518           -3.3529970           -4.7748518
   60676.8     67200.0000002794           911.930048         -6887.171910          -911.930048            5.2393722            1.3889030           -5.2393722
   60676.8     67799.9999997206          3657.732586         -4723.138028         -3657.732586            3.5925318            5.5725823           -3.5925318
   60676.8     68399.9999997905          4928.491847          -654.987380         -4928.491847            0.4938931            7.5129567           -0.4938931
   60676.8     68999.9999998603          4208.751610          3677.125994         -4208.751610           -2.8097632            6.4197626            2.8097632
   60676.8     69599.9999999302          1786.464514          6521.176062         -1786.464514           -4.9808525            2.7260678            4.9808525
   60676.8     70200.0000000000         -1359.255482          6723.887414          1359.255482           -5.1356656           -2.0742253            5.1356656
   60676.8     70800.0000000698         -3954.500472          4202.966837          3954.500472           -3.2110463           -6.0323975            3.2110463
   60676.8     71400.0000001397         -4949.737642           -19.064807          4949.737642            0.0091966           -7.5460291           -0.0091966
   60676.8     72000.0000002095         -3945.423131         -4233.965992          3945.423131            3.2201284           -6.0113008           -3.2201284
   60676.8     72600.0000002794         -1349.760547         -6741.707810          1349.760547            5.1287052           -2.0557776           -5.1287052
   60676.8     73199.9999997206          1789.808769         -6533.343749         -1789.808769            4.9701768            2.7260822           -4.9701768
   60676.9     73799.9999997905          4208.091435         -3692.633939         -4208.091435            2.8079554            6.4120014           -2.8079554
   60676.9     74399.9999998603          4928.740545           637.193053         -4928.740545           -0.4910917            7.5147229            0.4910917
   60676.9     74999.9999999302          3657.835551          4708.978308         -3657.835551           -3.5972540            5.5802532            3.5972540
   60676.9     75600.0000000000           906.676869          6874.560322          -906.676869           -5.2507421            1.3836197            5.2507421
   60676.9     76200.0000000698         -2211.690812          6255.334846          2211.690812           -4.7778400           -3.3748165            4.7778400
   60676.9     76800.0000001397         -4434.517529          3102.673494          4434.517529           -2.3714522           -6.7635763            2.3714522
   60676.9     77400.0000002095         -4863.851478         -1305.402972          4863.851478            0.9895450           -7.4137306           -0.9895450
   60676.9     78000.0000002794         -3329.266402         -5186.956398          3329.266402            3.9455855           -5.0718259           -3.9455855
   60676.9     78599.9999997206          -452.328575         -6977.709958           452.328575            5.3082499           -0.6889042           -5.3082499
   60676.9     79199.9999997905          2606.866043         -5957.502943         -2606.866043            4.5320142            3.9708797           -4.5320142
   60676.9     79799.9999998603          4615.278427         -2536.499452         -4615.278427            1.9274552            7.0336061           -1.9274552
   60676.9     80399.9999999302          4760.990889          1907.650407         -4760.990889           -1.4598724            7.2602771            1.4598724
   60676.9     81000.0000000000          2982.025148          5580.041636         -2982.025148           -4.2622144            4.5498294            4.2622144
   60676.9     81600.0000000698            -4.097090          6992.997602             4.097090           -5.3412022           -0.0062524            5.3412022
   60677.0     82200.0000001397         -2988.559912          5573.053893          2988.559912           -4.2568794           -4.5597953            4.2568794
   60677.0     82800.0000002095         -4763.224027          1896.509485          4763.224027           -1.4513754           -7.2636710            1.4513754
   60677.0     83400.0000002794         -4612.315128         -2547.286552          4612.315128            1.9356719           -7.0290792           -1.9356719
   60677.0     83999.9999997206         -2599.909724         -5963.586718          2599.909724            4.5366438           -3.9602802           -4.5366438
   60677.0     84599.9999997905           460.471578         -6976.643565          -460.471578            5.3074387            0.7013062           -5.3074387
   60677.0     85199.9999998603          3335.314955         -5179.168409         -3335.314955            3.9396578            5.0810459           -3.9396578
   60677.0     85799.9999999302          4865.362935         -1294.027457         -4865.362935            0.9808771            7.4160465           -0.9808771
   60677.0         0.0000000000          4430.873307          3113.045546         -4430.873307           -2.3793655            6.7580281            2.3793655
