# Ephemeris file: MJD_day MJD_sec x(km) y(km) z(km) vx(km/s) vy(km/s) vz(km/s)
51544 0.000000 0.000000 6993.000000 0.000000 -5.341203987 0.000000000 5.341203987
51544 600.000000 -2985.293553 5576.549676 2985.293553 -4.259548330 -4.554813917 4.259548330
51544 1200.000000 -4762.109087 1902.080597 4762.109087 -1.455624430 -7.261976544 1.455624430
51544 1800.000000 -4613.798353 -2541.893870 4613.798353 1.931564221 -7.031345052 -1.931564221
51544 2400.000000 -2603.388771 -5960.546863 2603.388771 4.534330541 -3.965581288 -4.534330541
51544 3000.000000 456.400232 -6977.179140 -456.400232 5.307846117 0.695105412 -5.307846117
51544 3600.000000 3332.291815 -5183.064172 -3332.291815 3.942622986 5.076437622 -3.942622986
51544 4200.000000 4864.608869 -1299.715658 -4864.608869 0.985211396 7.414891057 -0.985211396
51544 4800.000000 4432.696936 3107.860584 -4432.696936 -2.375409676 6.760804497 2.375409676
51544 5400.000000 2208.025105 6257.921430 -2208.025105 -4.779815180 3.369224207 4.779815180
51544 6000.000000 -910.704257 6873.496628 910.704257 -5.249929716 -1.389765414 5.249929716
51544 6600.000000 -3660.593652 4704.696237 3660.593652 -3.593985480 -5.584457456 3.593985480
51544 7200.000000 -4929.115563 631.428500 4929.115563 -0.486696799 -7.515288449 0.486696799
51544 7800.000000 -4205.936094 -3697.551147 4205.936094 2.811699685 -6.408712706 -2.811699685
51544 8400.000000 -1785.995674 -6535.432624 1785.995674 4.971766118 -2.720273661 -4.971766118
51544 9000.000000 1353.694175 -6740.128582 -1353.694175 5.127503724 2.061769289 -5.127503724
51544 9600.000000 3947.891856 -4229.353444 -3947.891856 3.216616701 6.015066121 -3.216616701
51544 10200.000000 4949.743004 -13.276450 -4949.743004 0.004784321 7.546043488 -0.004784321
51544 10800.000000 3952.036012 4207.592682 -3952.036012 -3.214576624 6.028642028 3.214576624
51544 11400.000000 1355.315589 6725.476189 -1355.315589 -5.136879007 2.068213526 5.136879007
51544 12000.000000 -1790.284575 6519.082735 1790.284575 -4.979253858 -2.731896194 4.979253858
51544 12600.000000 -4210.905461 3672.200312 4210.905461 -2.806004553 -6.423043437 2.806004553
51544 13200.000000 -4928.111311 -660.750137 4928.111311 0.498285039 -7.512370406 -0.498285039
51544 13800.000000 -3654.975606 -4727.410990 3654.975606 3.595784534 -5.568378655 -3.595784534
51544 14400.000000 -907.910760 -6888.234951 907.910760 5.240180937 -1.382781274 -5.240180937
51544 15000.000000 2204.990784 -6274.058446 -2204.990784 4.772893131 3.358575951 -4.772893131
51544 15600.000000 4429.203335 -3131.784217 -4429.203335 2.380854308 6.749457019 -2.380854308
51544 16200.000000 4866.209400 1273.611103 -4866.209400 -0.976345063 7.420057914 0.976345063
51544 16800.000000 3336.464148 5163.685807 -3336.464148 -3.944352137 5.090312252 3.944352137
51544 17400.000000 456.290145 6963.193555 -456.290145 -5.318438131 0.696323083 5.318438131
51544 18000.000000 -2608.689892 5941.904142 2608.689892 -4.538505048 -3.980418511 4.538505048
51544 18600.000000 -4617.501905 2514.370592 4617.501905 -1.922647888 -7.042074012 1.922647888
51544 19200.000000 -4759.222505 -1930.423251 4759.222505 1.465757610 -7.253602217 -1.465757610
51544 19800.000000 -2979.716396 -5596.504687 2979.716396 4.257290555 -4.539053768 -4.257290555
51544 20400.000000 1.022226 -7006.999851 -1.022226 5.330532137 0.001556861 -5.330532137
51544 21000.000000 2981.348967 -5594.763318 -2981.348967 4.255965286 4.541541820 -4.255965286
51544 21600.000000 4759.784269 -1927.641067 -4759.784269 1.463638010 7.254461293 -1.463638010
51544 22200.000000 4616.764105 2517.071268 -4616.764105 -1.924708005 7.040951523 1.924708005
51544 22800.000000 2606.948987 5943.430267 -2606.948987 -4.539670342 3.977763054 4.539670342
51544 23400.000000 -458.329919 6962.925893 458.329919 -5.318233695 -0.699435861 5.318233695
51544 24000.000000 -3337.976664 5161.733045 3337.976664 -3.942861413 -5.092618416 3.942861413
51544 24600.000000 -4866.583447 1270.765133 4866.583447 -0.974174884 -7.420625249 0.974174884
51544 25200.000000 -4428.289813 -3134.372611 4428.289813 2.382825591 -6.748062451 -2.382825591
51544 25800.000000 -2203.160018 -6275.346047 2203.160018 4.773872870 -3.355786767 -4.773872870
51544 26400.000000 909.920482 -6887.704018 -909.920482 5.239777019 1.385842258 -5.239777019
51544 27000.000000 3656.354408 -4725.274912 -3656.354408 3.594158468 5.570480967 -3.594158468
51544 27600.000000 4928.302000 -657.868815 -4928.302000 0.496089114 7.512664183 -0.496089114
51544 28200.000000 4209.828896 3674.663468 -4209.828896 -2.807884109 6.421403575 2.807884109
51544 28800.000000 1788.374698 6520.129958 -1788.374698 -4.980053611 2.728982213 4.980053611
51544 29400.000000 -1357.285652 6724.682378 1357.285652 -5.136272746 -2.071219609 5.136272746
51544 30000.000000 -3953.268581 4205.280119 3953.268581 -3.212811712 -6.030520258 3.212811712
51544 30600.000000 -4949.740746 -16.170630 4949.740746 0.006990451 -7.546036925 -0.006990451
51544 31200.000000 -3946.657831 -4231.660079 3946.657831 3.218372851 -6.013183961 -3.218372851
51544 31800.000000 -1351.727476 -6740.918770 1351.727476 5.128104901 -2.058773639 -5.128104901
51544 32400.000000 1787.902374 -6534.388744 -1787.902374 4.970971886 2.723178187 -4.970971886
51544 33000.000000 4207.014123 -3695.092858 -4207.014123 2.809827788 6.410357582 -2.809827788
51544 33600.000000 4928.928475 634.310831 -4928.928475 -0.488894304 7.515006296 0.488894304
51544 34200.000000 3659.214915 4706.837676 -3659.214915 -3.595620027 5.582355818 3.595620027
51544 34800.000000 908.690641 6874.029064 -908.690641 -5.250336373 1.386692674 5.250336373
51544 35400.000000 -2209.858148 6256.628674 2209.858148 -4.778827990 -3.372020623 4.778827990
51544 36000.000000 -4433.607612 3105.267305 4433.607612 -2.373431147 -6.762190965 2.373431147
51544 36600.000000 -4864.230589 -1302.559426 4864.230589 0.987378303 -7.414311452 -0.987378303
51544 37200.000000 -3330.779392 -5185.010727 3330.779392 3.944104587 -5.074132176 -3.944104587
51544 37800.000000 -454.364442 -6977.445143 454.364442 5.308048480 -0.692004843 -5.308048480
51544 38400.000000 2605.127629 -5959.025411 -2605.127629 4.533172759 3.968230845 -4.533172759
51544 39000.000000 4614.538784 -2539.196878 -4614.538784 1.929509883 7.032476164 -1.929509883
51544 39600.000000 4761.550395 1904.865665 -4761.550395 -1.457748552 7.261127457 1.457748552
51544 40200.000000 2983.659606 5578.296134 -2983.659606 -4.260881722 4.552322058 4.260881722
51544 40800.000000 -2.048545 6992.999400 2.048545 -5.341203529 -0.003126202 5.341203529
51544 41400.000000 -2986.926988 5574.802262 2986.926988 -4.258214208 -4.557304993 4.258214208
51544 42000.000000 -4762.666965 1899.295203 4762.666965 -1.453500061 -7.262824388 1.453500061
51544 42600.000000 -4613.057135 -2544.590429 4613.057135 1.933618228 -7.030212741 -1.933618228
51544 43200.000000 -2601.649470 -5962.067299 2601.649470 4.535487548 -3.962931057 -4.535487548
51544 43800.000000 458.435944 -6976.911947 -458.435944 5.307642851 0.698205863 -5.307642851
51544 44400.000000 3333.803670 -5181.116732 -3333.803670 3.941140712 5.078742203 -3.941140712
51544 45000.000000 4864.986318 -1296.871668 -4864.986318 0.983044318 7.415469397 -0.983044318
51544 45600.000000 4431.785501 3110.453331 -4431.785501 -2.377387800 6.759416870 2.377387800
51544 46200.000000 2206.191684 6259.213113 -2206.191684 -4.780801551 3.366427213 4.780801551
51544 46800.000000 -912.717717 6872.963014 912.717717 -5.249522159 -1.392837916 5.249522159
51544 47400.000000 -3661.971762 4702.553993 3661.971762 -3.592350320 -5.586558135 3.592350320
51544 48000.000000 -4929.301807 628.546061 4929.301807 -0.484499213 -7.515569315 0.484499213
51544 48600.000000 -4204.857346 -3700.008805 4204.857346 2.813571099 -6.407066737 -2.813571099
51544 49200.000000 -1784.088670 -6536.475390 1784.088670 4.972559503 -2.717368673 -4.972559503
51544 49800.000000 1355.660642 -6739.337244 -1355.660642 5.126901673 2.064764587 -5.126901673
51544 50400.000000 3949.125208 -4227.046088 -3949.125208 3.214860001 6.016947257 -3.214860001
51544 51000.000000 4949.744416 -10.382268 -4949.744416 0.002578187 7.546048760 -0.002578187
51544 51600.000000 3950.802768 4209.904524 -3950.802768 -3.216340987 6.026762763 3.216340987
51544 52200.000000 1353.345294 6726.268847 -1353.345294 -5.137484387 2.065207087 5.137484387
51544 52800.000000 -1792.194146 6518.034395 1792.194146 -4.978453252 -2.734809706 4.978453252
51544 53400.000000 -4211.981304 3669.736528 4211.981304 -2.804124519 -6.424682197 2.804124519
51544 54000.000000 -4927.919779 -663.631347 4927.919779 0.500480876 -7.512075346 -0.500480876
51544 54600.000000 -3653.596181 -4729.546262 3653.596181 3.597409986 -5.566275395 -3.597409986
51544 55200.000000 -905.900884 -6888.764711 905.900884 5.240583962 -1.379720054 -5.240583962
51544 55800.000000 2206.821173 -6272.769776 -2206.821173 4.771912578 3.361364563 -4.771912578
51544 56400.000000 4430.116100 -3129.195289 -4430.116100 2.378882615 6.750850436 -2.378882615
51544 57000.000000 4865.834520 1276.456855 -4865.834520 -0.978515078 7.419489309 0.978515078
51544 57600.000000 3334.951061 5165.637683 -3334.951061 -3.945842188 5.088005213 3.945842188
51544 58200.000000 454.250292 6963.460023 -454.250292 -5.318641656 0.693210186 5.318641656
51544 58800.000000 -2610.430349 5940.376998 2610.430349 -4.537338978 -3.983073284 4.537338978
51544 59400.000000 -4618.238915 2511.669487 4618.238915 -1.920587443 -7.043195295 1.920587443
51544 60000.000000 -4758.659927 -1933.205105 4758.659927 1.467876957 -7.252741902 -1.467876957
51544 60600.000000 -2978.083317 -5598.245101 2978.083317 4.258615097 -4.536564943 -4.258615097
51544 61200.000000 3.066678 -7006.998656 -3.066678 5.330531228 0.004670583 -5.330531228
51544 61800.000000 2982.981029 -5593.020996 -2982.981029 4.254639290 4.544029100 -4.254639290
51544 62400.000000 4760.345221 -1924.858554 -4760.345221 1.461518157 7.255319131 -1.461518157
51544 63000.000000 4616.025515 2519.771512 -4616.025515 -1.926767796 7.039827828 1.926767796
51544 63600.000000 2605.207636 5944.955374 -2605.207636 -4.540834859 3.975106913 4.540834859
51544 64200.000000 -460.369615 6962.657037 460.369615 -5.318028346 -0.702548518 5.318028346
51544 64800.000000 -3339.488608 5159.779400 3339.488608 -3.941370013 -5.094923706 3.941370013
51544 65400.000000 -4866.956662 1267.918946 4866.956662 -0.972004540 -7.421191314 0.972004540
51544 66000.000000 -4427.375535 -3136.960470 4427.375535 2.384796466 -6.746666733 -2.384796466
51544 66600.000000 -2201.328878 -6276.632577 2201.328878 4.774851795 -3.352997013 -4.774851795
51544 67200.000000 911.930048 -6887.171910 -911.930048 5.239372207 1.388903007 -5.239372207
51544 67800.000000 3657.732586 -4723.138028 -3657.732586 3.592531787 5.572582331 -3.592531787
51544 68400.000000 4928.491847 -654.987380 -4928.491847 0.493893101 7.512956677 -0.493893101
51544 69000.000000 4208.751610 3677.125994 -4208.751610 -2.809763185 6.419762612 2.809763185
51544 69600.000000 1786.464514 6521.176062 -1786.464514 -4.980852510 2.726067763 4.980852510
51544 70200.000000 -1359.255482 6723.887414 1359.255482 -5.135665605 -2.074225337 5.135665605
51544 70800.000000 -3954.500472 4202.966837 3954.500472 -3.211046251 -6.032397454 3.211046251
51544 71400.000000 -4949.737642 -19.064807 4949.737642 0.009196577 -7.546029073 -0.009196577
51544 72000.000000 -3945.423131 -4233.965992 3945.423131 3.220128449 -6.011300777 -3.220128449
51544 72600.000000 -1349.760547 -6741.707810 1349.760547 5.128705204 -2.055777640 -5.128705204
51544 73200.000000 1789.808769 -6533.343749 -1789.808769 4.970176805 2.726082250 -4.970176805
51544 73800.000000 4208.091435 -3692.633939 -4208.091435 2.807955410 6.412001367 -2.807955410
51544 74400.000000 4928.740545 637.193053 -4928.740545 -0.491091728 7.514722859 0.491091728
51544 75000.000000 3657.835551 4708.978308 -3657.835551 -3.597253959 5.580253222 3.597253959
51544 75600.000000 906.676869 6874.560322 -906.676869 -5.250742130 1.383619695 5.250742130
51544 76200.000000 -2211.690812 6255.334846 2211.690812 -4.777839981 -3.374816459 4.777839981
51544 76800.000000 -4434.517529 3102.673494 4434.517529 -2.371452215 -6.763576275 2.371452215
51544 77400.000000 -4863.851478 -1305.402972 4863.851478 0.989545038 -7.413730581 -0.989545038
51544 78000.000000 -3329.266402 -5186.956398 3329.266402 3.945585514 -5.071825866 -3.945585514
51544 78600.000000 -452.328575 -6977.709958 452.328575 5.308249937 -0.688904156 -5.308249937
51544 79200.000000 2606.866043 -5957.502943 -2606.866043 4.532014204 3.970879727 -4.532014204
51544 79800.000000 4615.278427 -2536.499452 -4615.278427 1.927455213 7.033606076 -1.927455213
51544 80400.000000 4760.990889 1907.650407 -4760.990889 -1.459872428 7.260277126 1.459872428
51544 81000.000000 2982.025148 5580.041636 -2982.025148 -4.262214386 4.549829418 4.262214386
51544 81600.000000 -4.097090 6992.997602 4.097090 -5.341202155 -0.006252404 5.341202155
51544 82200.000000 -2988.559912 5573.053893 2988.559912 -4.256879358 -4.559795287 4.256879358
51544 82800.000000 -4763.224027 1896.509485 4763.224027 -1.451375446 -7.263670989 1.451375446
51544 83400.000000 -4612.315128 -2547.286552 4612.315128 1.935671902 -7.029079231 -1.935671902
51544 84000.000000 -2599.909724 -5963.586718 2599.909724 4.536643781 -3.960280152 -4.536643781
51544 84600.000000 460.471578 -6976.643565 -460.471578 5.307438679 0.701306196 -5.307438679
51544 85200.000000 3335.314955 -5179.168409 -3335.314955 3.939657763 5.081045921 -3.939657763
51544 85800.000000 4865.362935 -1294.027457 -4865.362935 0.980877070 7.416046470 -0.980877070
51545 0.000000 4430.873307 3113.045546 -4430.873307 -2.379365519 6.758028084 2.379365519
